0 0 0 0 0.5 0.5 0.5 0.5
0.366666 0.197922 0.0157676 -0.000422558 0.516519 0.467288 0.304222 0.649846
0.766666 0.333499 0.178024 -0.0819222 0.272326 0.24637 -0.429567 0.824992
1.16667 0.425536 0.19844 -0.275741 -0.506906 0.135092 -0.583104 0.620312
1.56667 0.568476 0.0597616 -0.201789 -0.976732 0.0561525 -0.0616719 0.197582
1.96666 0.470126 0.0970959 -0.0172196 -0.784764 -0.060833 0.501546 -0.35902
2.36666 0.320881 0.227854 -0.119668 -0.269582 0.0889326 0.792509 -0.539765
2.76666 0.257991 0.14057 -0.318365 0.224989 0.378174 0.806303 -0.395272
3.16666 0.344697 -0.0659387 -0.348199 0.640964 0.535308 0.538432 -0.1127
3.56666 0.470425 -0.128315 -0.171124 0.833032 0.505444 0.0824719 0.209243
3.96666 0.521518 -0.0125561 0.0319819 0.836003 0.468499 -0.042941 0.282426
4.36666 0.567798 0.110433 0.23281 0.836003 0.468499 -0.042941 0.282426
