0 0 0 0 0.5 0.5 0.5 0.5
0.766666 0.02 3.46945e-18 -3.46945e-18 0.5 0.5 0.5 0.5
0.799999 0.04 6.93889e-18 -6.93889e-18 0.5 0.5 0.5 0.5
0.833333 0.06 1.04083e-17 -1.04083e-17 0.5 0.5 0.5 0.5
0.866666 0.08 1.38778e-17 -1.38778e-17 0.5 0.5 0.5 0.5
0.899999 0.1 1.73472e-17 -1.73472e-17 0.5 0.5 0.5 0.5
0.933332 0.12 2.08167e-17 -2.08167e-17 0.5 0.5 0.5 0.5
0.966666 0.139975 0.000999583 -2.51535e-17 0.474386 0.474386 0.524365 0.524365
0.999999 0.15975 0.00398834 2.50104e-05 0.474386 0.419666 0.569105 0.524365
1.03333 0.179129 0.00893397 -4.98959e-05 0.472016 0.362851 0.611001 0.521745
1.06667 0.197922 0.0157676 -0.000422558 0.467288 0.304222 0.649846 0.516519
1.1 0.215951 0.0243826 -0.00128487 0.460225 0.244074 0.685443 0.508712
1.13333 0.233053 0.034637 -0.00281896 0.450863 0.182707 0.717617 0.498364
1.16667 0.249085 0.0463558 -0.00519355 0.439249 0.120426 0.746205 0.485526
1.2 0.263924 0.059335 -0.00856056 0.42544 0.0575442 0.771065 0.470263
1.23333 0.277472 0.0733454 -0.0130521 0.409506 -0.00562528 0.792074 0.45265
1.26667 0.289655 0.0881372 -0.018778 0.391526 -0.0687667 0.809125 0.432776
1.3 0.300427 0.103445 -0.0258231 0.371591 -0.131564 0.822134 0.41074
1.33333 0.30977 0.118993 -0.0342463 0.349798 -0.193705 0.831036 0.386652
1.36667 0.317697 0.134501 -0.0440788 0.326259 -0.254878 0.835786 0.360632
1.4 0.324245 0.149689 -0.0553236 0.301089 -0.314777 0.83636 0.33281
1.43333 0.329481 0.164284 -0.0679557 0.274415 -0.373104 0.832756 0.303326
1.46667 0.333499 0.178024 -0.0819222 0.24637 -0.429567 0.824992 0.272326
1.5 0.336415 0.190665 -0.0971438 0.217094 -0.483884 0.813107 0.239966
1.53333 0.338369 0.201985 -0.113516 0.186734 -0.535784 0.797159 0.206407
1.56667 0.340439 0.211416 -0.131031 0.180461 -0.577403 0.785577 0.130033
1.6 0.343756 0.218478 -0.149446 0.172791 -0.614553 0.767916 0.0526514
1.63333 0.348508 0.223149 -0.168304 0.163784 -0.646948 0.744313 -0.0251373
1.66667 0.35484 0.22548 -0.187131 0.153509 -0.674336 0.714949 -0.102731
1.7 0.362848 0.225594 -0.205458 0.142046 -0.696506 0.680052 -0.17953
1.73333 0.372598 0.22371 -0.222818 0.142064 -0.680413 0.674743 -0.24815
1.76666 0.383973 0.219949 -0.238832 0.141373 -0.66092 0.666062 -0.31553
1.8 0.396756 0.214397 -0.253178 0.139975 -0.638126 0.654054 -0.381334
1.83333 0.4107 0.207176 -0.265564 0.137878 -0.612144 0.638778 -0.445232
1.86666 0.425536 0.19844 -0.275741 0.135092 -0.583104 0.620312 -0.506906
1.9 0.440976 0.188372 -0.283502 0.131631 -0.55115 0.598746 -0.566048
1.93333 0.456723 0.177186 -0.288689 0.127512 -0.516443 0.574189 -0.622362
1.96666 0.47247 0.165113 -0.291194 0.122756 -0.479156 0.546763 -0.675567
2 0.487913 0.152406 -0.290965 0.117388 -0.439475 0.516606 -0.725396
2.03333 0.502752 0.139328 -0.288003 0.111432 -0.397599 0.483868 -0.771602
2.06666 0.516699 0.12615 -0.282363 0.10492 -0.353736 0.448713 -0.813953
2.1 0.529487 0.113147 -0.274155 0.0978841 -0.308107 0.411316 -0.852237
2.13333 0.540869 0.100587 -0.263538 0.0903589 -0.260937 0.371864 -0.886264
2.16666 0.550625 0.0887312 -0.250722 0.0823823 -0.212465 0.330554 -0.915863
2.2 0.558572 0.0778271 -0.235959 0.0739941 -0.162931 0.287593 -0.940887
2.23333 0.564559 0.0681025 -0.21954 0.0652363 -0.112582 0.243195 -0.96121
2.26666 0.568476 0.0597616 -0.201789 0.0561525 -0.0616719 0.197582 -0.976732
2.3 0.570254 0.0529812 -0.183058 0.0467883 -0.0104532 0.150983 -0.987373
2.33333 0.569866 0.0479069 -0.163716 0.0371903 0.0408177 0.103628 -0.993082
2.36666 0.567329 0.0446502 -0.144147 0.0274064 0.0918847 0.0557566 -0.99383
2.4 0.562703 0.0432866 -0.124737 0.0174857 0.142493 0.00760615 -0.989612
2.43333 0.556089 0.0438533 -0.105871 0.00747763 0.192389 -0.0405823 -0.980451
2.46666 0.547628 0.0463495 -0.0879212 -0.00256781 0.241324 -0.0885679 -0.966391
2.5 0.537499 0.0507355 -0.0712431 -0.0126004 0.289053 -0.136111 -0.947504
2.53333 0.525912 0.0569342 -0.0561661 -0.0225701 0.335338 -0.182974 -0.923883
2.56666 0.513107 0.0648321 -0.0429875 -0.032427 0.379948 -0.228923 -0.895646
2.6 0.49935 0.0742818 -0.0319671 -0.0421219 0.42266 -0.273729 -0.862935
2.63333 0.484924 0.085105 -0.0233214 -0.0516064 0.46326 -0.317167 -0.825913
2.66666 0.470126 0.0970959 -0.0172196 -0.060833 0.501546 -0.35902 -0.784764
2.7 0.455261 0.110026 -0.01378 -0.0697558 0.537326 -0.39908 -0.739696
2.73333 0.440633 0.123646 -0.0130679 -0.07833 0.570422 -0.437146 -0.690931
2.76666 0.426544 0.137697 -0.0150941 -0.086513 0.600668 -0.473028 -0.638715
2.8 0.413285 0.151906 -0.0198148 -0.0942637 0.627914 -0.506547 -0.583308
2.83333 0.401129 0.166001 -0.0271324 -0.101544 0.652022 -0.537536 -0.524987
2.86666 0.389505 0.179326 -0.0364782 -0.074551 0.677446 -0.541939 -0.491744
2.9 0.37774 0.191329 -0.0473176 -0.0473722 0.701176 -0.544988 -0.457271
2.93333 0.36595 0.201892 -0.0595421 -0.0200749 0.723154 -0.546674 -0.421655
2.96666 0.354253 0.210907 -0.0730297 0.00727247 0.743324 -0.546994 -0.384986
3 0.342767 0.218285 -0.0876456 0.0346017 0.761636 -0.545947 -0.347354
3.03333 0.331606 0.223953 -0.103244 0.0618444 0.778045 -0.543536 -0.308854
3.06666 0.320881 0.227854 -0.119668 0.0889326 0.792509 -0.539765 -0.269582
3.1 0.3107 0.229948 -0.136755 0.115799 0.804992 -0.534646 -0.229636
3.13333 0.301165 0.230216 -0.154334 0.142375 0.815463 -0.52819 -0.189116
3.16666 0.29237 0.228653 -0.172228 0.168596 0.823895 -0.520415 -0.148124
3.2 0.284403 0.225276 -0.190259 0.194395 0.830269 -0.511338 -0.106761
3.23333 0.277345 0.220119 -0.208248 0.219708 0.834567 -0.500983 -0.0651313
3.26666 0.271266 0.213233 -0.226014 0.244472 0.836779 -0.489376 -0.0233389
3.3 0.266226 0.204686 -0.243379 0.268625 0.8369 -0.476546 0.0185118
3.33333 0.262275 0.194565 -0.260171 0.292107 0.834929 -0.462525 0.0603162
3.36666 0.259454 0.182971 -0.276221 0.314858 0.830871 -0.447348 0.10197
3.4 0.257791 0.170018 -0.291369 0.336823 0.824736 -0.431052 0.143369
3.43333 0.257301 0.155837 -0.305464 0.357946 0.81654 -0.413679 0.184409
3.46666 0.257991 0.14057 -0.318365 0.378174 0.806303 -0.395272 0.224989
3.5 0.259852 0.124368 -0.329942 0.397457 0.79405 -0.375878 0.265006
3.53333 0.262867 0.107395 -0.340081 0.415746 0.779813 -0.355543 0.304361
3.56666 0.267006 0.0898183 -0.348681 0.432996 0.763627 -0.33432 0.342955
3.6 0.272226 0.0718149 -0.355654 0.449164 0.745532 -0.312262 0.380692
3.63333 0.278476 0.0535643 -0.360931 0.464209 0.725574 -0.289423 0.417477
3.66666 0.285694 0.035249 -0.36446 0.478094 0.703802 -0.26586 0.453219
3.7 0.293807 0.0170519 -0.366206 0.490784 0.680271 -0.241633 0.487828
3.73333 0.302734 -0.000845153 -0.366151 0.502247 0.655039 -0.216802 0.521217
3.76666 0.312386 -0.0182633 -0.364295 0.512455 0.628171 -0.191429 0.553304
3.8 0.322666 -0.0350286 -0.360657 0.521382 0.599732 -0.165578 0.584008
3.83333 0.333473 -0.0509735 -0.355274 0.529006 0.569794 -0.139313 0.613253
3.86666 0.344697 -0.0659387 -0.348199 0.535308 0.538432 -0.1127 0.640964
3.9 0.356227 -0.0797745 -0.339502 0.540272 0.505725 -0.0858044 0.667073
3.93333 0.367948 -0.0923429 -0.329272 0.543885 0.471753 -0.0586949 0.691515
3.96666 0.379742 -0.103518 -0.317609 0.546139 0.436602 -0.0314386 0.714229
4 0.391492 -0.113189 -0.304632 0.547027 0.40036 -0.00410376 0.735157
4.03333 0.403079 -0.121258 -0.290468 0.546549 0.363117 0.0232413 0.754248
4.06666 0.41439 -0.127645 -0.27526 0.544704 0.324966 0.0505283 0.771454
4.1 0.425309 -0.132287 -0.259159 0.541498 0.286003 0.0776891 0.786731
4.13333 0.435729 -0.135136 -0.242328 0.536938 0.246326 0.104656 0.800042
4.16666 0.445545 -0.136164 -0.224933 0.531037 0.206033 0.131361 0.811354
4.2 0.454659 -0.135362 -0.207148 0.523808 0.165224 0.157737 0.820637
4.23333 0.46298 -0.132737 -0.189152 0.51527 0.124003 0.18372 0.827869
4.26666 0.470425 -0.128315 -0.171124 0.505444 0.0824719 0.209243 0.833032
4.3 0.47692 -0.12214 -0.153243 0.494354 0.0407346 0.234243 0.836113
4.33333 0.482399 -0.114275 -0.13569 0.482029 -0.00110459 0.258657 0.837104
4.36666 0.486808 -0.104798 -0.118639 0.468499 -0.042941 0.282426 0.836003
4.4 0.490665 -0.0945485 -0.101903 0.468499 -0.042941 0.282426 0.836003
4.43333 0.494521 -0.0842995 -0.0851678 0.468499 -0.042941 0.282426 0.836003
4.46666 0.498378 -0.0740504 -0.0684321 0.468499 -0.042941 0.282426 0.836003
4.5 0.502235 -0.0638014 -0.0516964 0.468499 -0.042941 0.282426 0.836003
4.53333 0.506091 -0.0535523 -0.0349608 0.468499 -0.042941 0.282426 0.836003
4.56666 0.509948 -0.0433033 -0.0182251 0.468499 -0.042941 0.282426 0.836003
4.6 0.513805 -0.0330542 -0.00148943 0.468499 -0.042941 0.282426 0.836003
4.63333 0.517661 -0.0228052 0.0152462 0.468499 -0.042941 0.282426 0.836003
4.66666 0.521518 -0.0125561 0.0319819 0.468499 -0.042941 0.282426 0.836003
4.7 0.525375 -0.00230704 0.0487176 0.468499 -0.042941 0.282426 0.836003
4.73333 0.529231 0.00794201 0.0654533 0.468499 -0.042941 0.282426 0.836003
4.76666 0.533088 0.0181911 0.0821889 0.468499 -0.042941 0.282426 0.836003
4.8 0.536945 0.0284401 0.0989246 0.468499 -0.042941 0.282426 0.836003
4.83333 0.540802 0.0386892 0.11566 0.468499 -0.042941 0.282426 0.836003
4.86666 0.544658 0.0489382 0.132396 0.468499 -0.042941 0.282426 0.836003
4.9 0.548515 0.0591873 0.149132 0.468499 -0.042941 0.282426 0.836003
4.93333 0.552372 0.0694363 0.165867 0.468499 -0.042941 0.282426 0.836003
4.96666 0.556228 0.0796854 0.182603 0.468499 -0.042941 0.282426 0.836003
5 0.560085 0.0899344 0.199339 0.468499 -0.042941 0.282426 0.836003
5.03333 0.563942 0.100184 0.216074 0.468499 -0.042941 0.282426 0.836003
5.06666 0.567798 0.110433 0.23281 0.468499 -0.042941 0.282426 0.836003
5.09999 0.571655 0.120682 0.249546 0.468499 -0.042941 0.282426 0.836003
5.13333 0.575512 0.130931 0.266281 0.468499 -0.042941 0.282426 0.836003
5.16666 0.579369 0.14118 0.283017 0.468499 -0.042941 0.282426 0.836003
5.19999 0.583225 0.151429 0.299753 0.468499 -0.042941 0.282426 0.836003
5.23333 0.587082 0.161678 0.316488 0.468499 -0.042941 0.282426 0.836003
5.26666 0.590939 0.171927 0.333224 0.468499 -0.042941 0.282426 0.836003
5.29999 0.594795 0.182176 0.34996 0.468499 -0.042941 0.282426 0.836003
