0.0541965535884 0.0077794801131 0.190851060037 -0.397557539826 -0.0297052413604 -0.297558316472 -1
0.186147137778 0.10828594378 -0.0705255371666 -1.03139520376 -0.555066799738 -1.03139475804 0
0.0445737573359 0.16822803732 -0.127145024578 -0.861721578806 -1.34197609973 -0.339800841043 1
0.20735306036 0.04123525299 -0.020899827764 -1.75325924763 -0.81715100954 0.879042869436 0
-0.174476056601 -0.0100739902865 -0.120785165751 -1.75325539005 -0.817149553544 0.879039943772 0
-0.0205735089317 -0.222133144454 0.0100509834505 -1.27112655269 -0.29771545524 0.401399544928 0
0.065397331327 -0.101579086941 -0.190942464414 -1.20000129938 7.19324379429e-07 8.62234307406e-08 0
-0.0776580061638 0.140045851766 -0.159405880223 -1.19999884241 1.85379072963e-06 5.80020741013e-07 0
0.0491313659164 0.203072947752 -0.0860312454 -1.20000019691 -1.43764415995e-06 -4.45599658552e-08 0
0.0802658514812 0.0825243530479 -0.209785005263 -0.30000035192 5.21551576475e-07 1.39547244681e-06 0
0.0515868660578 0.0747505386742 -0.222151378764 -2.77555756156e-17 6.93889390391e-18 6.93889390391e-18 0
