0 0 0 0 0 0 -1
3.46944695195e-18 -3.46944695195e-18 0.02 0.0 0.0 0.0 0
3.46944695195e-18 -3.46944695195e-18 0.02 0.0 0.0 0.0 0
3.46944695195e-18 -3.46944695195e-18 0.02 0.0 0.0 0.0 0
3.46944695195e-18 -3.46944695195e-18 0.02 0.0 0.0 0.0 0
3.46944695195e-18 -3.46944695195e-18 0.02 0.0 0.0 0.0 0
3.46944695195e-18 -3.46944695195e-18 0.02 0.0 0.0 0.0 0
0.000999583 -0.000998329795999 0.0199500366571 0.0 -0.0999995879523 0.0 0
0.00301100570458 -0.00307758199584 0.0195306490581 -0.0199337121963 -0.0990085145455 0.0999910801468 0
0.00480639993798 -0.00558387245142 0.018593799938 -0.0199322724824 -0.0990058634291 0.0999890240238 0
0.00618021627045 -0.00838344999338 0.0170744522043 -0.0199330048722 -0.0990088142823 0.0999912197384 0
0.00702826710417 -0.0112777464092 0.0149473256949 -0.019932330469 -0.0990069084334 0.0999893012717 0
0.00728639791675 -0.0140458699428 0.0122313735302 -0.0199312721949 -0.0990073652158 0.0999898440276 0
0.00693460933568 -0.0164628858696 0.00899325065338 -0.0199339208958 -0.0990079759496 0.099990700901 0
0.00599995625096 -0.0183157109212 0.00534112052073 -0.0199323729682 -0.0990079653629 0.0999888158109 0
0.00455312229988 -0.0194230841734 0.0014235245855 -0.0199322770708 -0.0990074090121 0.0999910407973 0
0.00270395963855 -0.0196474165664 -0.00258387143421 -0.0199327451944 -0.0990078963967 0.0999896481901 0
0.000592310760403 -0.0189100511831 -0.00648515929365 -0.0199335362238 -0.0990060616308 0.0999891448723 0
-0.0016232773384 -0.017196783726 -0.0100805680099 -0.0199317308524 -0.0990089293017 0.0999904016335 0
-0.00377815787622 -0.014563114169 -0.0131778100614 -0.019934277255 -0.0990069717808 0.0999900384077 0
-0.0057114161809 -0.011123626742 -0.0156090303464 -0.0199325575709 -0.0990068158251 0.0999902878959 1
-0.00728349173155 -0.00705614299466 -0.0172383660956 -0.0199326951741 -0.0990079494293 0.0999897320802 0
-0.00838422053216 -0.00258167947455 -0.0179731695426 -0.019932902128 -0.0990073552608 0.0999910367796 0
-0.00893905096922 0.00205031754253 -0.0177731429214 -0.0199319204605 -0.0990073328936 0.0999905881046 0
-0.00892013758981 0.00657582729631 -0.0166492969698 -0.0199335911209 -0.0990083351198 0.0999901200563 0
-0.00961388117208 0.0103579978281 -0.0141523515997 -0.0969169610648 -0.0461440094954 0.141800633831 0
-0.0106112671601 0.013398413963 -0.0103860517297 -0.0969174344328 -0.046142109421 0.141803096768 0
-0.0105130724058 0.0158797039005 -0.00611017361638 -0.0969171402721 -0.0461427099655 0.141802687172 0
-0.00944177051462 0.0175567945272 -0.00161110194582 -0.0969161212131 -0.0461434894312 0.14180253998 0
-0.00761644166707 0.0182756284946 0.00283040782553 -0.0969165863296 -0.0461443469252 0.141803367047 0
-0.0057750676231 0.0181103408781 0.00621656683595 -0.10135120174 0.0385686517732 0.0888477481447 0
-0.00395448707412 0.0176132653397 0.00860923097925 -0.101352554826 0.0385677645652 0.0888467216263 0
-0.00176184426397 0.0167844736359 0.0107338184517 -0.101351342584 0.0385679194648 0.0888480670764 0
0.000663731567704 0.0155818154053 0.0125202820288 -0.10135076038 0.0385668042172 0.0888468875795 0
0.00316777736323 0.0139954733314 0.0139315409703 -0.101350313723 0.0385682833193 0.0888463546376 0
0.00559117700222 0.0120371031799 0.0149612242736 -0.101351806604 0.0385685613182 0.0888477200953 0
0.00777676120656 0.00975361978026 0.0156329287185 -0.101350652155 0.0385686603284 0.0888479093313 0
0.00959547428049 0.0072123713884 0.0159971539746 -0.101350956293 0.0385682015204 0.0888487257885 0
0.0109387710982 0.00451442826619 0.0161235778688 -0.101351716545 0.0385668898094 0.0888457419887 0
0.0117389906725 0.00177164051857 0.0160953669379 -0.10135007385 0.0385687583726 0.088848344995 0
0.0119665547063 -0.000889156092157 0.0159999707157 -0.101351527097 0.0385685125524 0.088846890466 0
0.0116356601266 -0.00333329432597 0.0159211425267 -0.101349495728 0.0385665647395 0.0888470215318 0
0.0108020798356 -0.00544065063162 0.0159291746468 -0.101352596965 0.0385687148997 0.088847476655 0
0.00955501678107 -0.00709794849838 0.0160720305832 -0.101349713235 0.0385672157205 0.0888480455607 0
0.00801494069206 -0.00821295878178 0.016380122361 -0.101350839174 0.0385679161072 0.0888475148605 0
0.00631684021779 -0.00872644234896 0.0168505877866 -0.101352678469 0.0385683259962 0.0888474623763 0
0.00460618531141 -0.00860761697873 0.0174557580653 -0.101350252202 0.0385678909288 0.0888482656935 0
0.00302240206622 -0.00786092722256 0.0181399111936 -0.101350997473 0.0385676885321 0.0888454696009 0
0.00168858125056 -0.0065257359251 0.0188301750519 -0.101351075355 0.0385680260763 0.0888491094021 0
0.000703919580236 -0.00467176436077 0.0194336651168 -0.101350962157 0.0385679918103 0.0888465070023 0
0.000134016094948 -0.00239581811963 0.0198557164611 -0.101351855157 0.0385679194927 0.0888473850776 0
5.05448732249e-06 0.000184853801626 0.0199989475827 -0.101350748004 0.0385679313787 0.0888474416672 0
0.000305223466095 0.00294208705309 0.0197804402855 -0.101351356403 0.0385679119428 0.0888472840779 0
0.000983824736184 0.00574339148577 0.0191321248099 -0.1013501666 0.0385678571987 0.0888470974564 0
0.00195427465292 0.00846308210459 0.0180154220478 -0.101350520876 0.0385678976482 0.0888469347054 0
0.00310621668651 0.0109881307422 0.0164204978018 -0.101351377007 0.038567878919 0.0888473655258 0
0.00431217998029 0.0132256214951 0.0143697298212 -0.101351208701 0.0385683223145 0.0888483223126 0
0.00543669093082 0.0151098621917 0.0119219846922 -0.101350391591 0.0385681072585 0.0888473442819 0
0.00635121247011 0.0166027755911 0.00916539103813 -0.101351905161 0.0385674583639 0.0888472709626 0
0.00694385587376 0.0176961703772 0.00621409516799 -0.101349766026 0.0385681996345 0.0888469543505 0
0.0071269355798 0.0184099424583 0.0032047899047 -0.101352009327 0.038567814522 0.0888479943045 0
0.00685069264776 0.0187890113236 0.000277618741701 -0.101350949733 0.0385679184928 0.088847073075 0
0.00609822649667 0.0188929882608 -0.0024183462659 -0.101351993063 0.0385672860405 0.0888476179748 0
0.00489877836631 0.018800037429 -0.0047481779608 -0.101350885534 0.0385696359806 0.0888472204666 0
0.00397876377535 0.0189674411567 -0.00494192203763 -0.0418723090797 -0.0415197596191 0.0816515453668 0
0.00374743835703 0.0193788937281 -0.00322412933939 -0.0418732092053 -0.0415174694247 0.0816521860667 0
0.00366247581552 0.0196145524194 -0.00136933324602 -0.0418738802151 -0.0415193196748 0.0816517835781 0
0.00370567757879 0.019645105818 0.000585797610396 -0.0418721829596 -0.0415182452354 0.0816509016884 0
0.00385628768037 0.0194517581839 0.00259726042053 -0.0418731969243 -0.041517851295 0.0816519522633 0
0.00408818488204 0.0190234862048 0.00462579123456 -0.0418734321581 -0.041517647438 0.0816519877021 0
0.0043700100585 0.018355045758 0.00663223260363 -0.0418730816575 -0.0415196437175 0.0816512927881 0
0.00466537147963 0.0174535910859 0.00857960565307 -0.0418729497272 -0.0415179728846 0.081652874293 0
0.00494159040077 0.0163332527015 0.0104314347287 -0.0418738953772 -0.0415186726914 0.0816510765052 0
0.00516365929821 0.0150140575949 0.0121616169644 -0.0418718357165 -0.0415160998625 0.0816523473892 0
0.00529910017945 0.0135299428063 0.0137424293321 -0.0418738092866 -0.0415195097484 0.0816514534344 0
0.00531770836987 0.0119185098468 0.0151553698313 -0.0418735155496 -0.0415185392726 0.081651412734 0
0.00519707366836 0.0102199423295 0.0163873486894 -0.041873302721 -0.0415182034276 0.0816516503885 0
0.00491959645469 0.00848161142278 0.0174314621417 -0.0418733093698 -0.0415183825049 0.0816514647517 0
0.00447610433149 0.00675544850344 0.0182850953383 -0.0418729004085 -0.041517955355 0.0816521761823 0
0.00386094828625 0.00508956651221 0.0189518011822 -0.0418740011089 -0.0415179014282 0.0816509033268 0
0.00308083695716 0.00353245706567 0.0194431960522 -0.0418728517973 -0.0415189729174 0.0816529620462 0
0.00215185062156 0.00213015293967 0.0197697211249 -0.0418719876832 -0.0415183182538 0.081651793816 0
0.00109174981528 0.00092553403659 0.0199485503004 -0.0418738102 -0.0415189787815 0.081652133667 0
-6.98741691456e-05 -5.05567635224e-05 0.019999690388 -0.0418735033795 -0.0415163006786 0.0816520048946 0
-0.001297644264 -0.000764921064833 0.0199424995958 -0.0418731085355 -0.0415198572655 0.0816517148786 0
-0.00255430453524 -0.00120198559204 0.019800567236 -0.0418730277007 -0.0415186109104 0.081651228447 0
-0.00379723655495 -0.00135211020126 0.0195894444309 -0.0418738818087 -0.041517374763 0.0816515915392 0
-0.00498218213455 -0.00121194216768 0.0193313912257 -0.0418725995767 -0.0415182895411 0.08165077204 0
-0.00606434222265 -0.000790625714887 0.0190421176206 -0.0418730142883 -0.0415190543474 0.081652392095 0
-0.00700163925939 -0.000107167838061 0.018734174552 -0.0418730735404 -0.0415182539307 0.0816516635209 0
-0.00775608596404 0.000813607611968 0.0184168410227 -0.0418729132667 -0.0415176450884 0.0816516901385 0
-0.0082937077231 0.00193883982867 0.0180956623873 -0.0418724093239 -0.0415187823873 0.0816513919469 0
-0.00858612429803 0.00322849018981 0.0177720018209 -0.0418738593017 -0.0415178798682 0.081651602308 0
-0.00861257035416 0.00464069879425 0.0174440626176 -0.0418745184131 -0.0415185364944 0.0816522112879 0
-0.00836356272122 0.00612658181923 0.0171028309312 -0.0418729912022 -0.041516856205 0.0816515969587 0
-0.00783531039191 0.00764133579981 0.0167399512812 -0.0418711255107 -0.0415181685397 0.0816518824538 0
-0.00703249244399 0.009135439821 0.0163428029683 -0.0418734589894 -0.0415185064056 0.0816516586556 0
-0.00597435765077 0.0105668346147 0.0158951540382 -0.0418735253665 -0.0415184666641 0.0816520882345 0
-0.004681422984 0.0118924638414 0.015383330349 -0.0418725385403 -0.0415189910017 0.0816508700178 0
-0.0031897731104 0.0130810466545 0.0147884343974 -0.0418734139567 -0.0415175794153 0.0816521978108 0
-0.00153340998251 0.0141022221796 0.014099352376 -0.041874157408 -0.0415192112117 0.0816520402282 0
0.000237719771123 0.0149353351396 0.0133001571261 -0.0418731863702 -0.0415177293671 0.0816522889327 0
0.00208166315083 0.0155678810958 0.0123807721373 -0.0418717388494 -0.0415191476706 0.0816514595631 0
0.00394324626432 0.0159984025578 0.011335721834 -0.0418730599578 -0.0415179950955 0.0816516022661 0
0.00577312409356 0.0162293626005 0.0101633288239 -0.0418748046177 -0.0415179092599 0.0816516025515 0
0.00752294052258 0.016273390395 0.00886384865314 -0.0418720547074 -0.0415178945721 0.0816526576168 0
0.00914589931359 0.0161521570328 0.00744655906676 -0.0418731371728 -0.0415181322735 0.081651402686 0
0.010600949156 0.0158921531239 0.00592496051297 -0.0418730477571 -0.041519403932 0.0816513256844 0
0.0118503320496 0.0155217063108 0.00431644975849 -0.041873908988 -0.0415181833419 0.0816506721749 0
0.0128689834253 0.0150791668068 0.0026452608588 -0.0418723867057 -0.0415187806995 0.0816529621043 0
0.0132855652462 0.014842445998 0.00179386402399 0.0 0.0 5.55111512313e-17 0
0.0132842433278 0.0148421504449 0.00179362911922 0.0 0.0 5.55111512313e-17 0
0.0132852915244 0.0148420576792 0.0017940198602 0.0 0.0 5.55111512313e-17 0
0.0132852483262 0.0148420175304 0.00179410061898 0.0 0.0 5.55111512313e-17 0
0.013284421098 0.0148424942248 0.00179377129236 0.0 0.0 5.55111512313e-17 0
0.0132852483262 0.0148420175304 0.00179410061898 0.0 0.0 5.55111512313e-17 0
0.0132852814315 0.0148420349069 0.0017940031403 0.0 0.0 5.55111512313e-17 0
0.0132843879927 0.0148424768482 0.00179386877104 0.0 0.0 5.55111512313e-17 0
0.0132852915244 0.0148420576792 0.0017940198602 0.0 0.0 5.55111512313e-17 0
0.0132852742451 0.0148420416197 0.00179405216371 0.0 0.0 5.55111512313e-17 0
0.0132844331419 0.014842550058 0.00179386740474 0.0 0.0 5.55111512313e-17 0
0.0132852535615 0.0148419777566 0.00179397220309 0.0 0.0 5.55111512313e-17 0
0.0132852483262 0.0148420175304 0.00179410061898 0.0 0.0 5.55111512313e-17 0
0.0132851905954 0.0148418299561 0.00179385266125 0.0 0.0 5.55111512313e-17 0
0.0132845124718 0.0148427577068 0.00179407498308 0.0 0.0 5.55111512313e-17 0
0.0132853924533 0.0148422854024 0.00179418705914 0.0 0.0 5.55111512313e-17 0
0.0132850128252 0.0148414861763 0.0017937104881 0.0 0.0 5.55111512313e-17 0
0.01328455567 0.0148427978557 0.00179399422429 0.0 0.0 5.55111512313e-17 0
0.0132853492551 0.0148422452535 0.00179426781793 0.0 0.0 5.55111512313e-17 0
0.0132852720144 0.0148417270696 0.00179322593538 0.0 0.0 5.55111512313e-17 0
0.0132845124718 0.0148427577068 0.00179407498308 0.0 0.0 5.55111512313e-17 0
0.0132853492551 0.0148422452535 0.00179426781793 0.0 0.0 5.55111512313e-17 0
0.0132850128252 0.0148414861763 0.0017937104881 0.0 0.0 5.55111512313e-17 0
0.0132853492551 0.0148422452535 0.00179426781793 0.0 0.0 5.55111512313e-17 0
0.0132845124718 0.0148427577068 0.00179407498308 0.0 0.0 5.55111512313e-17 0
0.0132850128252 0.0148414861763 0.0017937104881 0.0 0.0 5.55111512313e-17 0
0.0132853492551 0.0148422452535 0.00179426781793 0.0 0.0 5.55111512313e-17 0
0.0132845124718 0.0148427577068 0.00179407498308 0.0 0.0 5.55111512313e-17 0
